TRY WO USNIG 3RD VAR

Pattern 1:

1 1 1 1 1
2 2 2 2
3 3 3
4 4
5

Pattern 2:

1 2 3 4 5
1 2 3 4
1 2 3
1 2 
1 


Pattern 3:

1 2 3 4 5
2 3 4 5
3 4 5
4 5 
5


Pattern 4:

1
1 0
1 0 1 
1 0 1 0
1 0 1 0 1 

Pattern 4:

* * * * *
* * * *
* * *
* *
*

Pattern 5:

5 4 3 2 1
4 3 2 1
3 2 1
2 1
1

Pattern 6:

        1
      2 1
    3 2 1
  4 3 2 1
5 4 3 2 1


Pattern 7:

        1
      2 2
    3 4 3
  4 4 4 4
5 5 5 5 5

Pattern 8:

       5
      4 4
    3 3 3
  2 2 2 2
1 1 1 1 1


Pattern 9:

        5
      4 5
    3 4 5
  2 3 4 5
1 2 3 4 5

Pattern 10:

        5
      5 4
    5 4 3
  5 4 3 2
5 4 3 2 1


Pattern 11:

             1
          2  3
        4 5  6
   7  8  9  10
11 12 13 14 15


Pattern 12:

             1
          2  3
        3 4  5
      4 5 6  7
    5 6  7 8 9

Pattern 13:

             1
          3  2
        6 5  4
   10  9  8  7
15 14 13 12 11


Pattern 14:

        1 
      2 2 2
    3  3  3  3
  4   4   4   4
5   5   5   5   5

Pattern 16:

                * 
             *  *  *
         *   *  *  *  *
      *  *   *  *  *  *  * 
  *  *   *   *  *  *  *  *  * 

Pattern 17:

                5 
             5  4  5
         5   4  3  4  5
      5  4   3  2  3  4  5 
  5  4   3   2  1  2  3  4  5 


  Pattern 18:

5 
4  5
3  4  5
2  3  4  5 
1  2  3  4  5 
2  3  4  5 
3  4  5
4  5
5

  Pattern 19:

* 
*  *
*  *  5
*  *  4  5 
*  *  3  4  5 
*  *  4  5 
*  *  5
*  *
*

  Pattern 20:

1
1 2
1 2 3 
1 2 3 4
1 2 3 4 5 
1 2 3 4
1 2 3
1 2
1

  Pattern 21:

         1 
       1 2 1
      12 3 21
     123 4 321
    1234 5 4321

Pattern 22:

         1 
        121
       12321
      1234321
     123454321
      1234321
       12321
        121
         1

Pattern 23:
1 
3 2 
6 5 4 
10 9 8 7 
15 14 13 12 11 
21 20 19 18 17 16 
28 27 26 25 24 23 22     
		

Pattern 24:

 1  2  3  4  5 
 6  7  8  9  10 
 11 12 13 14 15 
 16 17 18 19 20 
 21 22 23 24 25 


Pattern 25:
 2 3 4 5 
 3 4 5 6 
 4 5 6 7 
 5 6 7 8 

Pattern 26:

 1
 2  4
 8  16  32
 64 128 .. ..
 8  16  32
 2  4
 1
